10
*
10
*
1
*
01:0-1 // lava
#
02:0-4 // piso
#
03:0-7 // pared
*
1111111111
1111111111
1111111111
1110000111
1110000111
1110000111
1110000111
1110000111
1110000111
1110000111
*
03 03 03 03 03 03 03 03 03 03
03 03 03 03 03 03 03 03 03 03
03 03 03 03 03 03 03 03 03 03
01 01 01 02 02 02 02 01 01 01
01 01 01 02 02 02 02 01 01 01
01 01 01 02 02 02 02 01 01 01
01 01 01 02 02 02 02 01 01 01
01 01 01 02 02 02 02 01 01 01
01 01 01 02 02 02 02 01 01 01
01 01 01 02 02 02 02 01 01 01
*
0-10 //Punto de aparición en sprite (x-y)
*
4-3-prueba2.ad //Punto de salida del mapa y mapa en el que aparecera

